10186152
10327969
10349338
10401975
10473163
10518854
10598838
10599970
10600013
10600056
11243128
11432722
11433405
11513666
11514303
11535916
11605901
11686951
11930948
12337885
12389217
12547196
12654396
12662369
12662692
12750414
13009558
13241425
13275048
13283218
13343235
13364197
13428232
13447219
13449629
13562118
13609254
13609275
13650976
13928486
14002948
14014905
14108648
14214061
14214075
14221900
14223029
14233256
14240711
14246764
14253391
14313186
14472415
14495162
14525665
14542603
14544840
14545714
14556819
14568739
